-6370
-27204
-1490
10299
-32735
-24362
-16502
-27717
14015
25893
3385
16193
19209
-8654
-29767
12507
-28465
-29370
9207
-23541
7627
-20947
-27771
-16077
-22555
25622
25772
8993
-16559
-18548
8074
9839
-12983
-26184
-12630
-12950
-17778
3636
-7899
29006
-3239
28254
12431
-16798
-13168
15432
28477
-8865
18831
4916
362
-6310
16737
5360
10381
26950
-1786
3386
3175
14423
17606
-21518
-8506
-28145
-14934
11632
-8327
57
-17500
16542
-3705
12030
12029
-24042
28000
31629
24159
23710
-10003
10222
-4142
23127
-28856
-20172
-4281
14294
-25990
26701
-15088
9954
8356
-30250
21204
32618
-25626
-26498
11482
-1185
6327
26751
-17410
-30146
6013
27387
-21419
1245
26248
-30028
-7813
-16523
12962
20814
-26163
16874
-32126
2324
-1600
-25348
-3742
16080
17374
-28154
18599
5810
-28303
25741
12081
15947
-8212
-14360
9930
7146
-11737
-16825
1765
-388
17189
-4754
2352
-23392
11491
-17454
30190
18096
32188
30832
-12347
-2179
-27283
16679
-18867
22859
21293
32500
-4098
25758
25473
-24785
8938
-15506
-6377
-13900
24408
14654
2044
-6594
-18502
-13535
21420
16618
-4159
143
31932
-6736
-14528
31353
-8672
5893
-3594
-3187
-10196
10307
-13095
-21671
10040
15575
-28680
2745
23558
13026
20007
-15587
31894
11648
31836
1170
-27714
-19434
20403
26474
29953
-16523
-6151
29117
9509
12089
27702
-31931
