216
116
128
38
-263
470
-412
367
-114
458
-66
-86
-163
-150
179
-459
67
-51
-24
-442
467
-81
-17
141
-163
-293
-281
34
250
102
510
-45
-293
126
505
-44
84
-419
-189
482
-472
258
-116
-123
-404
-448
-70
175
13
419
245
-32
-174
-283
-403
175
-64
-172
-303
-326
443
-305
141
-362
333
134
106
-94
228
430
-124
268
176
273
-367
284
337
76
-53
-162
-17
-320
318
321
-91
427
-16
357
-256
194
-480
-325
401
173
-175
223
-204
443
-383
-488
361
5
292
25
-234
437
-203
-409
1
256
-59
496
449
-253
305
-154
-337
-222
-308
-81
484
-276
106
373
409
443
84
-307
374
213
-283
224
-293
-503
-263
-15
447
47
89
-64
-209
-482
-79
-272
-222
-286
87
-47
4
291
384
-24
-497
-22
-162
424
-91
434
-394
-229
136
-165
507
355
-155
-267
-172
-220
292
429
228
-429
460
-363
-188
-274
-136
411
191
380
190
63
-155
205
-471
195
117
-50
117
235
233
-259
